# Created by Octave 4.2.0, Sun Feb 26 16:18:22 2017 GMT <unknown@unknown>
# name: A
# type: matrix
# rows: 3
# columns: 2
 1 2
 3 4
 5 6


